$ANSIBLE_VAULT;1.1;AES256
35653261643361366538333464343864353264333536333935653639326461366565313831333864
3363346131653239343631363135376166656631383065620a336635396333343066633539366638
39313737393138343366643834353334336261316634396530613938393935643833646665346362
3366626463353763630a376339323763303236663064646537643936373536323266383336633735
64646464643863343433383965666566633261663236383237313164653330396133363861323261
37353665646233366363376661316633303438663834313133666264356535333461376164353438
33623634363530373238316666393462643536343661393562366565646533653164396137626538
34326239636335633737393434613731623137366535626134333963303461333736373234303733
30633864343636353731326262656263383430636231663461313461396434333338343032363732
65316335636236666662633936653964343161663734386536333162623937633461656131303966
32396332376465383631346666386161633330326436323933383361313832333533653634636638
32393233323039303530376330376536653532303532346530343534383465663461623862366663
38663838373364663862383836626532623539363834616362373535386333646361343135623833
64383566303836313337613130396535643766613362643765623865396339356565303835303338
63303930393539303933316230353934303264353030653732613935396535666234316363623337
34653865633133376233386338373736353736303137643438313739616362653163613334336663
37643136393133356261343532363335616332626338393665376435623663316235656134393462
66323739363533366265316231653634643933626139353365336130363236363134353739313166
39383337306131336633333932386264353139356164383961383232636635356230646537353133
64393565613438323366373765333065616566383635323363623530343936376431633735363866
38323763333231633730303465326439633264356634656134383363653133363534363462663563
31346165663466336235333363383131623330323466623231633738323234656239326634383339
63653636626634653033356633623865636536663863626665363666656236343934393539313833
33346139666238323033613238383965306634343638623838643332323635313837363437343434
62653762383232333134353764353139616234363661316530646436376362323263613231646238
30386437313064303166353463643939373763313833323631613561393865656330326364386264
35633437366333636662643862356634303636653332633934353961623531303466353132343833
61356530303331633232313766393836303333333661626337636531633064616265303063663537
62366639313435313638646164663364393434666236313233663731383131323031326636343265
35316565313365646330663664336339663830653231333138356565373965623330353737353230
64303032303366333064663465353366366264663438366262386336616639653334643964643561
30383465613665336561613635333564616133623036373464326637343831653139383930353933
66383231366339323964663763393832386235353139656138333463323333366363353930326564
35633934356633306164626135653262376232363836633864666136633937346163623232376235
65653362343563663339373434636663396630353835313438393564323364656466666661366136
61313831613161653239636530616334356461343238363063653731653134386431333665663430
31336264393632323433663361653835643338623939656266366337663733316133626363383437
38353265333563616531633065393264366239313963316661363930646361376333323636353937
31663636663137653439653934396534313961336362656437376465653264343464323238373966
65666635343839393964383465663062613661306230303066373763356466653336333866623333
65306235363937356464376661316138313461323238383136333934613133313566366563383233
31653537393365613162343762653033306161643063303039333665633063316333393861393933
32313833396364326366393865626539613166396233326261656561316430656534366130303261
62363338346334363237656362663131353761373132633037363238663462346336636663633966
35353066643562376564653034633739623466383965653334646664316337303361616437346233
65656437336632306638323666323638623737643231363463323161623664666631353362613466
36303637353134326630363533353166653739313566366239626639663464623936373763613966
64336434623063323631376666663130656331623134363336333934366638646361343063643063
36316630333833366235343266356161646538323632316536356462383663386535313832303663
61613564643865386132356364656263323564613466313730333238326564343062336439653162
34636231643163636535346235636437353863393965303537613035616639326331336131326266
64613533616265386130336236303461383136336434366636626235663330343231313331333236
61313865643132653938323265393936393839333863383464376633306239663565633232353266
65623965313532656363393733396433613933336461366331633432333732303138303963633233
32346366326664346632643538376530303735343731333364303666623537643764643566316238
32613866393061316232336334656634333938656366613832356561303964386462373434663265
31396336323263356630646433353934373739373336393832613666363532663261333261623536
39343839616535313630303730323662666138336563343962313534373438643639326438333834
61666431616434336539643732626236343635656136303133633361316133316435633933396337
37373534636561333534656231366363313630663032393332343836316638353964306666313233
36333431646164393563353437373731343939653561313832343263323933356633656232376365
62386563633839633736623666346135313337313266396437633665336162333864363965623334
37373062313636363038613333306565323762343861306130653831353231373837363839663835
39356335626564373632366537333364616134656366666432353436353666643737376365393538
33633233356464653534383634336331353264386430393633393738343837313631343231636633
38336134373938303834646435356438646438366432333961663238333434643838613466623737
64346536303039626139373335313032636465323733393736376135663039653433333831643531
63313431646234366263303565653266333033653435313833643830643730306639616137646261
35653238626138633162313462376363613039343232306535363961643332393231383961333265
38366435656131653237316265393734653437633830343939616130386631653362316434333266
37666565623134643430353732623763653663303364323732613661333865633835633362656539
31643935376564663130313936373234333438653133303632653938666637663534373661646566
66373133623734663465633764313333386364653865393836623863636631383662366331386332
61336262333434373766353463663838636566386165303863336431613339306330353861633862
64623131376261346462333261613737666136346636616263623539303838356637363534626231
63616238336632316565356433636136326333616565343134363464633061663462646265366531
61393537613530343361393034633164643035636139316538393639373962376432353763633563
61303935616464633133613730303465656434343565656335393835386361386332373239663766
39343938643631353139373964633130303561633130646564376264623834303436313038303034
66323831643066343065643134623363663431336362373463363563653338363430353863366331
30313463616236386433383565633263383162643631316538316661643363303134623563653139
31663331636431303236316364386237333636336231313736643936303766333232356239386236
38376534616461333465656339613532323031393635343138316164643363316330306132353061
62646539326262623732313432376234383332376665396663636336383365303633613539303861
33616336346439643937653764613339316166303562636532366430613530663733626361613334
30636639313638383661633339626138633566626461343132386464643839636465663435316634
35383366313762656638653639623739363564666639326562336232336262363130663438356536
33346561366564396234
