$ANSIBLE_VAULT;1.1;AES256
36376164376239653931613863636138663664313564343834623935393339663137653634306538
6435633666363664636237316162633061303462313637640a303734363364613732343833666665
65666136663466623466306262646562366564643430306464303863636132333536343466643136
6464303265663236360a333130626237643861613738643764653163313464323437303633363831
65383739393430306630396365643964356563373031636362356332396137343430313534316631
65646138303363613037306264323136303866356462313463363431393133363637303961363430
36646139333737343164636461616163373032646133313731626135663839346131343164666231
33396238343438373933336133303431393239656434353438663535363230346166383263396265
64336231373136306562326239383263373134643866313836363930333733363532666166373663
66663265643664633835626162393034616235666131333866306237663762336535356666393030
66326631636235663662623937356565656232343234363333643835393430396563353761643134
30636131626530373733643932333461663734376166623434626266633163313762303832313033
66343363383265616239323638613866346163623130656664396363383931616233613036396265
64303336643539666134646535336566353136666264393031396139336632376539336164303265
35343162376135323035336232646539313765343631393061326433366636306436663232656430
30626164383239646661
