$ANSIBLE_VAULT;1.1;AES256
31313365386133636561343564326236343266626566656265633737363964353561663639326636
3831363335633731313463613631323661386465346539340a376366373034623334363762306564
63303162373236643935396532313538356561633366613466366361623961656566666462613035
6437333166613938610a343231393630643633663933616132633262653636663930353562313834
30333137323462336362333534636336333632356264393037626463623339323630626539313563
32356335646563333463633130313765393637386236666566643330636461356335373665396631
33373066373330626334343163356136366662313533613963373337376565636334326434613439
38663430643766306335386363323439376261393638656238303435363039393034396439373937
64343235306337646465326162356366613233393361663465653535373730613238653661373036
63663364326135656534363130633738373835333739343661303661633430383730623066633566
62316162633261303239636132396633393863346165373538303738653533626461373635383935
30343266336536303930633937623633366461343064306163333865386330313764363565393230
37336235653930613738613338326366646461336432356562646238333034646239356533363533
66383565343663643164646464323936366261636535386538616262623634346439633266336163
66346264316361663530323062376236333238656461623865353164653433396537373661363264
37383035323339633361333634356165326132356463393965363261653562326430373130643830
33633064396363663439666234336432626566616231636361323335303763616337393637653666
36376562303733356565646466303838356365316134303833363661626163313039646536323937
65613261313466633734623363323864353538383465623432303939343839366532356663646530
34626138373966356534666364303165353331353036643335386363353531343964366462313430
32623337366161646661636431663238323062666434396365376164643132353161306566663932
62323539666361646630393930653438343463613133623966616532663633393031663538643032
39633938613766313366383031613963306565623965643662313832376134653331303163653033
38333630666535353735666633643435623838633531306531643730316263623930666631386264
35346564393263333636396566323261623332306661376562313236663038373634353864666639
39346130333062346161633663666463376366393532623534626661323463333631333938373761
38366338336264313864333137346163366330313561336664623335363636306238643330376334
63393735626536373364373738353136306362643333313166613361663933313435663265373036
37376535356462643638383431323538376530336330313062613933663931323830316239333335
31616133626232643066396138353337616631346637613734373661663237323732303338316461
30633333656230303038363633336465636232396163613131306438646634336233393461626233
36353737666335646432323336626439623031616630393633656134663137653538656464623765
32643366623764643266333238376261663263313066353831386439326337363462333334363738
32333333376130376665623366356565373538313134353737643931643239303935383339393161
63633431336134383837363566323334653234303136623532613736346563366263353038643336
35386466396661663234353461663865613136623461306335373062303039356132653738663531
30313964353937616164386334306334663761616663633230373034643339346436613261646430
3934326636333536383731356636353131386434633965636566
